# Camera list with one line of data per camera:
#   CAMERA_ID, MODEL, WIDTH, HEIGHT, PARAMS[]
# Number of cameras: 80
1 SIMPLE_RADIAL 1888 1416 1606.5850467371743 944 708 0.065038916611452627
2 SIMPLE_RADIAL 3988 2982 3212.6408343893122 1994 1491 -0.00086318517784356283
3 SIMPLE_RADIAL 3988 2982 3203.4266773542836 1994 1491 0.01202600971330851
4 SIMPLE_RADIAL 3988 2982 3294.187593035907 1994 1491 -0.001654561874321635
5 SIMPLE_RADIAL 3988 2982 3339.9616979099146 1994 1491 0.009482813883705336
6 SIMPLE_RADIAL 3988 2982 3328.075841904461 1994 1491 0.0081561640905986402
7 SIMPLE_RADIAL 3988 2982 3356.6297119013361 1994 1491 0.0081363074162081987
8 SIMPLE_RADIAL 3988 2982 3337.0676644591622 1994 1491 0.0089096285630044427
9 SIMPLE_RADIAL 3988 2982 3335.0899430372124 1994 1491 0.0043711061383299782
10 SIMPLE_RADIAL 3988 2982 3344.0541241451397 1994 1491 -0.0020651417929037977
11 SIMPLE_RADIAL 3988 2982 3328.728504127479 1994 1491 0.014234410874907288
12 SIMPLE_RADIAL 3988 2982 3337.6242166541629 1994 1491 0.012177938604496896
13 SIMPLE_RADIAL 3988 2982 3350.0437232201052 1994 1491 0.01084890996018226
14 SIMPLE_RADIAL 3988 2982 3360.3351222040283 1994 1491 0.0091170791274320217
15 SIMPLE_RADIAL 3988 2982 3328.3292007235973 1994 1491 0.008710144889534182
16 SIMPLE_RADIAL 3988 2982 3333.4866965049105 1994 1491 0.0044761275480657446
17 SIMPLE_RADIAL 3988 2982 3314.2529608723644 1994 1491 0.0061819304312308804
18 SIMPLE_RADIAL 3988 2982 3331.0277035859426 1994 1491 0.0070906301964752429
19 SIMPLE_RADIAL 3988 2982 3340.0831900357161 1994 1491 0.013871484749985888
20 SIMPLE_RADIAL 3988 2982 3319.02083514892 1994 1491 0.0037758674153358096
21 SIMPLE_RADIAL 3988 2982 3278.0216419509006 1994 1491 0.013530965732340283
22 SIMPLE_RADIAL 3988 2982 3353.2469361903136 1994 1491 0.01557207717340868
23 SIMPLE_RADIAL 3988 2982 3369.0518246067063 1994 1491 0.011583170087119853
24 SIMPLE_RADIAL 3988 2982 3368.134755700501 1994 1491 0.010244373567231145
25 SIMPLE_RADIAL 3988 2982 3370.2106188154235 1994 1491 0.014420469151059828
26 SIMPLE_RADIAL 3988 2982 3342.5413438745368 1994 1491 0.01090378498531059
27 SIMPLE_RADIAL 3988 2982 3340.28432775486 1994 1491 0.012048254678348864
28 SIMPLE_RADIAL 3988 2982 3342.8486009650637 1994 1491 0.0098624159155446499
29 SIMPLE_RADIAL 3988 2982 3333.9265010462018 1994 1491 0.011811763228477443
30 SIMPLE_RADIAL 3988 2982 3333.0499199052092 1994 1491 0.0083056778218204112
31 SIMPLE_RADIAL 3988 2982 3323.4207771566935 1994 1491 0.011969188285433901
32 SIMPLE_RADIAL 3988 2982 3332.4916888386242 1994 1491 0.013512773275233493
33 SIMPLE_RADIAL 3988 2982 3345.1001411769416 1994 1491 0.011511439143410863
34 SIMPLE_RADIAL 3988 2982 3384.6845895365809 1994 1491 0.014767856784922456
35 SIMPLE_RADIAL 3988 2982 3328.3710225815598 1994 1491 0.0069847103693717596
36 SIMPLE_RADIAL 3988 2982 3324.9037434438974 1994 1491 0.0039878897092362761
37 SIMPLE_RADIAL 3982 2980 3291.0264183771046 1991 1490 -0.023979277524946635
38 SIMPLE_RADIAL 3982 2980 3302.3277601542204 1991 1490 -0.011504348842609971
39 SIMPLE_RADIAL 3982 2980 3277.9056300249154 1991 1490 0.0020444533223468453
40 SIMPLE_RADIAL 3982 2980 3299.5310282624941 1991 1490 -0.0016503952105232542
41 SIMPLE_RADIAL 3982 2980 3313.7516744862114 1991 1490 -0.0053249036734846185
42 SIMPLE_RADIAL 3980 2980 3350.9355679763376 1990 1490 0.022384301938275612
43 SIMPLE_RADIAL 3980 2980 3393.0246887211347 1990 1490 0.018362200605871008
44 SIMPLE_RADIAL 3980 2980 3386.7189515392379 1990 1490 0.011833124351921746
45 SIMPLE_RADIAL 3980 2980 3343.8068836315829 1990 1490 0.011994094510543594
46 SIMPLE_RADIAL 3980 2980 3358.1143580439548 1990 1490 0.012783256605670227
47 SIMPLE_RADIAL 3980 2980 3357.9600133347612 1990 1490 0.0087659319420526332
48 SIMPLE_RADIAL 3980 2980 3374.0343362135309 1990 1490 0.011896375040368159
49 SIMPLE_RADIAL 3980 2980 3355.9643650076514 1990 1490 0.0078351653573228829
50 SIMPLE_RADIAL 3980 2980 3354.7109314174349 1990 1490 0.0098416485702202579
51 SIMPLE_RADIAL 3970 2978 3350.7582136102369 1985 1489 0.0054052909953713679
52 SIMPLE_RADIAL 3992 2984 3292.3915682195029 1996 1492 0.018170800720233148
53 SIMPLE_RADIAL 3992 2984 3362.7028612339454 1996 1492 0.018339888726723087
54 SIMPLE_RADIAL 3992 2984 3286.8471726230696 1996 1492 0.0035508511377862948
55 SIMPLE_RADIAL 3992 2984 3290.1759254206545 1996 1492 -0.0026250395737405386
56 SIMPLE_RADIAL 3992 2984 3376.1337905186338 1996 1492 0.018509586562558269
57 SIMPLE_RADIAL 3992 2984 3374.2371130532342 1996 1492 0.020673372170029916
58 SIMPLE_RADIAL 3978 2978 3358.1580155078159 1989 1489 0.01233230795013021
59 SIMPLE_RADIAL 3978 2978 3339.5638539629713 1989 1489 0.0075827434870850176
60 SIMPLE_RADIAL 3978 2978 3338.3525981247126 1989 1489 0.0029163340596658578
61 SIMPLE_RADIAL 3978 2978 3345.1544136536509 1989 1489 0.0068900888640884284
62 SIMPLE_RADIAL 3978 2978 3334.2380878446952 1989 1489 0.0087254629987527955
63 SIMPLE_RADIAL 3978 2978 3338.2402824297551 1989 1489 0.0034992656654549785
64 SIMPLE_RADIAL 3978 2978 3316.4681059163754 1989 1489 0.0076254025790170269
65 SIMPLE_RADIAL 3978 2978 3329.5176741825621 1989 1489 0.005709263045029455
66 SIMPLE_RADIAL 3978 2978 3314.4540654669777 1989 1489 0.0026487471566731956
67 SIMPLE_RADIAL 3978 2978 3315.9595978001325 1989 1489 0.0031951101775943261
68 SIMPLE_RADIAL 3978 2978 3298.9590752330905 1989 1489 -0.0015350995947549506
69 SIMPLE_RADIAL 3978 2978 3298.1370854264128 1989 1489 0.0002416352375857776
70 SIMPLE_RADIAL 3978 2978 3280.0522911656153 1989 1489 0.004189110381527133
71 SIMPLE_RADIAL 3978 2978 3321.4977424300096 1989 1489 0.0017724984644398422
72 SIMPLE_RADIAL 3978 2978 3321.3688441296817 1989 1489 0.0015828888856975582
73 SIMPLE_RADIAL 3978 2978 3330.1665334141276 1989 1489 0.0064822377386119139
74 SIMPLE_RADIAL 3978 2978 3315.6720230253973 1989 1489 0.0036915184875919551
75 SIMPLE_RADIAL 3978 2978 3317.3706629234225 1989 1489 0.00019544707587335763
76 SIMPLE_RADIAL 3978 2978 3317.0481649215376 1989 1489 0.0052544935892181576
77 SIMPLE_RADIAL 3978 2978 3326.6588382590621 1989 1489 -0.0029328974353493662
78 SIMPLE_RADIAL 3978 2978 3313.9958047480609 1989 1489 -0.0028345535939195417
79 SIMPLE_RADIAL 3978 2978 3310.2688455314865 1989 1489 -0.00081145428488419097
80 SIMPLE_RADIAL 3978 2978 3296.434880891592 1989 1489 0.0039641470487568557
