# Frame list with one line of data per frame:
#   FRAME_ID, RIG_ID, RIG_FROM_WORLD[QW, QX, QY, QZ, TX, TY, TZ], NUM_DATA_IDS, DATA_IDS[] as (SENSOR_TYPE, SENSOR_ID, DATA_ID)
# Number of frames: 80
1 1 0.9501004021661883 0.011517100765896109 -0.307403908524011 -0.051763106724357265 4.1330623894708687 -0.96577870515473985 7.3876275021235696 1 CAMERA 1 1
2 2 0.9926155786235078 0.0083441291713347177 0.1209926815287625 -0.0023365784322988623 -4.4731357332378332 -0.25129032733917117 2.248742246870937 1 CAMERA 2 2
3 3 0.98764524316593372 0.013419836882171297 0.1561259453541754 0.0012127724537369738 -4.4459671228545297 -0.25332337015608397 2.2121026710065812 1 CAMERA 3 3
4 4 0.90969171879696775 -0.0049798974438610118 0.41270235960817975 0.045966724350422497 -3.3117335681905842 -0.43635756640963824 3.3470318271673674 1 CAMERA 4 4
5 5 0.95480209616837741 0.015152914896506622 0.29627359575983925 0.018582324347267368 -2.3021205263158717 -0.066043937613358902 0.80759324656184905 1 CAMERA 5 5
6 6 0.96056276185539524 0.066704013412901331 0.26962992572715866 0.013017614363374005 -2.8063437945934515 -0.15553361981976688 1.1909661313040063 1 CAMERA 6 6
7 7 0.97553392268790184 -0.020993761717957492 -0.21639286049900525 -0.032664316603024011 2.6524548199652491 0.006936883571284135 0.32839761857769512 1 CAMERA 7 7
8 8 0.84007461304803943 0.037907663205685858 -0.53838267229036962 -0.054605418778281366 2.3920312517444118 -0.31574432755299364 3.0041712153433586 1 CAMERA 8 8
9 9 0.88930833097867124 0.02178097836577883 -0.45284379402140046 -0.059906424110133617 3.4079814185105528 -0.16483783872753094 1.4602695530136882 1 CAMERA 9 9
10 10 0.9537564620956166 0.17408503307196974 -0.23040559617357481 -0.083404277606628732 0.84034259300546743 0.74148619353908907 -1.5125596979439104 1 CAMERA 10 10
11 11 0.96561359567681626 0.25660017195632778 -0.034545735694811806 0.023522919490938054 -0.025260655734486995 0.8882427385677869 -1.2718683061050069 1 CAMERA 11 11
12 12 0.99220811494698746 0.12143565484605851 -0.0083520545794844511 0.026583482649124277 -0.13307640423322573 0.49054027531065358 -1.3407680525554224 1 CAMERA 12 12
13 13 0.99065325029773121 0.12901265613814236 -0.043698619213027375 -0.007232075054721788 -0.12490535637673947 0.46550120638382614 -1.1706823109312163 1 CAMERA 13 13
14 14 0.98243551666764017 0.18413863606972816 -0.028607828776492646 0.0097473293297230586 -0.19140483173812706 0.53191854189848053 -1.0193011845482101 1 CAMERA 14 14
15 15 0.9894184135299664 0.080092278992945007 0.11735675991076849 0.02939082708613493 -3.0409525660702363 -0.13676686546556596 0.11255968055268853 1 CAMERA 15 15
16 16 0.96634172690571529 0.07261962648594493 0.23550654297703974 0.073801930224931561 -3.1176132178786746 -0.51146488948839397 0.91696543559725296 1 CAMERA 16 16
17 17 0.95485603627905002 0.076121656910799543 0.28214052505769499 0.053405687438553458 -3.2488877666768228 -0.44968149694440523 1.3741192700198921 1 CAMERA 17 17
18 18 0.95284932374899078 0.051920932289059675 0.29557223114593506 0.044938170821026781 -3.4318788956191111 -0.40127591712292443 1.6701312159125092 1 CAMERA 18 18
19 19 0.91239651657511445 0.056468686565550916 0.39774874205288596 0.078357017391586167 -3.1015483922929583 -0.76618005159068481 2.6347299667903594 1 CAMERA 19 19
20 20 0.90577272117721219 0.11392061079240248 0.38448414151395316 0.13700298147191117 -3.1678830158950544 -1.6004630490562006 2.8863641716693631 1 CAMERA 20 20
21 21 0.96063841811562034 0.1125031773743798 0.25065827723024575 0.041076669496841273 -3.9144510868607481 -0.81548221857816727 2.2577789000213264 1 CAMERA 21 21
22 22 0.99026748444357793 -0.054956742181654181 -0.12536765062590169 -0.025159847358620053 0.63840414705515258 0.018771710596449144 2.447121696264805 1 CAMERA 22 22
23 23 0.99873058341819931 0.018724072167797211 -0.046131050349446444 -0.0076522585068230734 0.63608373324266254 -0.37218465756442076 2.678382981521092 1 CAMERA 23 23
24 24 0.99694216872962438 0.029170552326276206 0.066598531909955988 0.02863610715673089 -0.025200740238763005 -0.40771206394750353 2.3765600232526904 1 CAMERA 24 24
25 25 0.98294467184147705 0.040439095529083917 0.17914062728820149 0.009648176305936746 0.36820118916439543 -0.40826076946517886 2.1239357104749761 1 CAMERA 25 25
26 26 0.99748958777213703 0.032768770615847591 -0.061235727457982454 -0.013817222629383003 1.7378817499111108 -0.11571744012730813 0.75894794566794588 1 CAMERA 26 26
27 27 0.99768727728063067 0.010080255493412299 -0.064804655222069671 -0.017856143567364278 1.7675203683897145 -0.082661143861077466 0.65899652385189988 1 CAMERA 27 27
28 28 0.99781688602179375 0.033431085629284499 -0.05681919577837994 -0.0039247260434609552 1.8416871053075989 -0.039364328872008601 0.4914476273811928 1 CAMERA 28 28
29 29 0.99257764675776328 0.023430263909825257 -0.11888050353184623 0.010395372525869187 2.2682869054082961 0.13762886227429116 0.16346139186903935 1 CAMERA 29 29
30 30 0.95558881986917865 0.017558382990835345 -0.2940374270186849 -0.0091488818994040922 2.8391780662203012 0.12509750078845028 0.92277309593448387 1 CAMERA 30 30
31 31 0.8786935568414479 0.0065450818203212002 -0.47570177090220678 -0.039529991522828337 2.5156673602196169 -0.051919027036746425 2.0552907611407587 1 CAMERA 31 31
32 32 0.85732948875273174 0.092665634296238628 -0.49689640028968457 -0.097433029895457032 2.363829310509888 -0.60916950133984193 2.2924242190656439 1 CAMERA 32 32
33 33 0.90840437446447186 0.15032632885311117 -0.36192863686109134 -0.1456404790133233 2.8243548594578165 -0.96746400676690425 1.5297429301402552 1 CAMERA 33 33
34 34 0.99211485469642413 0.067388080964216585 -0.10394342803077335 -0.019045351240263311 2.4237542870401465 -0.29900861900856635 1.4001420085817333 1 CAMERA 34 34
35 35 0.96721421579809241 0.00049107373408896981 -0.24265273763309975 -0.074940433170824716 1.5923931098594826 -0.24334028055253504 0.86990064714537085 1 CAMERA 35 35
36 36 0.92968533987138435 -0.011207009135973523 -0.36146867131619725 -0.069999795937971371 1.3720313065500416 -0.17660940699023028 1.0610762873508772 1 CAMERA 36 36
37 37 0.81380688031844817 -0.01499200630913418 0.57999782525379295 0.033107763350196717 -3.1665864298822557 -0.12456829289188497 4.1827154061547356 1 CAMERA 37 37
38 38 0.75293225070557523 0.015700682505847427 0.65069719056893194 0.097158018722011713 -2.381501838463874 -0.84309366685709419 4.5795271468981271 1 CAMERA 38 38
39 39 0.92692665855707146 0.11678957346437824 0.34722035117446109 0.081272337954034712 -4.5570879082868396 -0.6344506519918498 1.644778762433992 1 CAMERA 39 39
40 40 0.87524156977680978 0.10507364639757096 0.46351468820832598 0.089810117372613657 -3.8976931811306517 -0.78593669675539901 2.5468439025855232 1 CAMERA 40 40
41 41 0.93744060253774397 0.03806967649194546 0.34540851883759871 0.021184229036868913 -4.3327549403999068 0.0032819605303206628 1.3104190968585205 1 CAMERA 41 41
42 42 0.98864553967252722 -0.0063987786953348105 0.14327748843735824 0.044839868687456645 -0.072568527998579629 -0.42763076472452405 4.0623606162162744 1 CAMERA 42 42
43 43 0.9761351003765546 -0.011333946932202927 0.21662813461099342 0.010200919309203178 0.8989717535635835 -0.30949928328611087 4.0776603604074477 1 CAMERA 43 43
44 44 0.97559613227607944 -0.0041723764179989065 0.21048223504704255 0.062385949480493814 0.95550773367444564 -0.4827589024477224 4.9766926995810543 1 CAMERA 44 44
45 45 0.98488501652912952 0.040012818577816425 0.16852266232399424 0.00076866709838677464 0.74226276119454071 -0.86498797165845664 4.6225376950309061 1 CAMERA 45 45
46 46 0.98321817159989711 0.081554015132810007 0.16081046810133692 0.027766220493645622 0.83992234448133296 -1.101300906773264 3.9295859791960761 1 CAMERA 46 46
47 47 0.99163602154367414 0.0086725525060552464 0.12859090706907941 0.0068677674112447174 1.317466309301319 -0.56656218320147711 4.6703173042593278 1 CAMERA 47 47
48 48 0.99605401653035286 -0.02661677391048145 0.084647683602390555 -0.0016471675990688208 1.4750073510325783 -0.2084856423726445 4.6522416645585158 1 CAMERA 48 48
49 49 0.99548261023666629 -0.016157192141164935 -0.08380406053017625 -0.041595640362441934 0.80100463959717583 -0.36110622432718209 4.619493039476521 1 CAMERA 49 49
50 50 0.99606018826111775 0.0076428874613512152 0.084892996850409824 0.024471753476943227 2.4885850985477012 -0.39202690990784378 4.2695453185875376 1 CAMERA 50 50
51 51 0.98835324422695847 0.12475705670628708 -0.086793399332247043 -0.0077747836229403507 1.9598905192606633 -0.9475572313534244 2.8409255072599602 1 CAMERA 51 51
52 52 0.97049977337432958 0.065741119881090479 -0.20909909402190563 -0.10042840194075303 0.040034639034499997 0.050961163516727512 -0.19391734715260434 1 CAMERA 52 52
53 53 0.9982210090426421 -0.026393227159795946 0.040225402738823628 -0.035215502842928771 -0.98226841675564425 0.065065990142817068 -0.072306890755912276 1 CAMERA 53 53
54 54 0.91593335191944647 0.082001948173743525 -0.38179438768552132 -0.092600328666566728 1.2437886072854218 0.20400245151837179 -0.71780578218316315 1 CAMERA 54 54
55 55 0.99397076623351177 -0.0050263025160858007 0.10242327023043118 0.038811414190755837 -4.5351448712083604 -0.68096816968708762 3.2543027547313987 1 CAMERA 55 55
56 56 0.99843310337766233 0.051879574426519026 -0.016299352054881085 0.013197687659757892 1.4956817550361949 -0.93027965819490577 5.0372139681571531 1 CAMERA 56 56
57 57 0.99735101144795146 0.031533723850886743 -0.064321292741755881 0.012623609779840969 1.1687621493501015 -0.71849587608920951 5.1463407511282071 1 CAMERA 57 57
58 58 0.98307124669766432 0.00034680945720438232 0.18175368880562925 0.023160316168976139 -0.087060855988969191 -0.27139099915659953 2.2957283640911861 1 CAMERA 58 58
59 59 0.99784742937385784 0.045706709097140474 0.030816465789997825 0.035521118671952567 -0.19423503469465289 -0.19598353597764434 0.82152273251706187 1 CAMERA 59 59
60 60 0.99651908142198931 0.073279233114448963 0.038732977448678305 -0.0089236099193735919 -0.056326334289208718 -0.16856300273876751 0.58159592065185983 1 CAMERA 60 60
61 61 0.99694005409989706 0.037257625570084371 -0.068209484694283784 -0.0083584727022412205 0.0056439358886302199 -0.080461862949853191 0.37554576025323799 1 CAMERA 61 61
62 62 0.99929810756999216 0.036123502169852023 -0.009519564643136906 -0.002786159906097747 0.14041376280112844 -0.054761120293228473 0.27620159388772086 1 CAMERA 62 62
63 63 0.99711350966330858 0.026575605575433509 -0.064107940949729172 0.030798667867364599 0.22802318516743789 -0.039328318227627966 0.18170875465887068 1 CAMERA 63 63
64 64 0.98079975307554068 0.1044923251038218 -0.14163874339609994 -0.083974190859629247 0.39771596505387941 -0.059394444175709972 -0.0036997184186802787 1 CAMERA 64 64
65 65 0.97718541923039759 0.10369152362583027 -0.16981545158768069 -0.07429291200200798 0.47140630546625206 -0.048045033596026999 -0.069702454392764776 1 CAMERA 65 65
66 66 0.9524547949096005 0.14991312951642666 -0.26345327336635171 -0.030794317736497098 0.58095516469632791 0.042875305238429258 -0.068678229277882308 1 CAMERA 66 66
67 67 0.96853250240824951 0.097062678385199982 -0.22337539151092667 -0.05125487987348562 0.67436882798710296 0.10635200823537987 -0.31793646826114347 1 CAMERA 67 67
68 68 0.93172014758794963 0.092204820914156063 -0.34809817307061358 -0.047153997537631782 0.82482883570883658 0.15463426155411111 -0.30490174987071739 1 CAMERA 68 68
69 69 0.93694002431383061 0.09242214968195428 -0.3332887526394539 -0.050201040337845004 1.3684740510584052 0.49490896919975802 -1.4718484737931661 1 CAMERA 69 69
70 70 0.93130195303475682 0.092188488726423434 -0.3431233982224649 -0.080276325353454164 1.5139103682723707 0.48939678937119291 -1.5822984456434632 1 CAMERA 70 70
71 71 0.76523527696789961 0.080481175056751134 -0.62785166695526562 -0.11721789815058531 2.4681093699740906 -0.49640752840313762 2.0150823501956059 1 CAMERA 71 71
72 72 0.75909685552315243 0.080809670895820043 -0.63508267527069895 -0.11794810975841682 2.6248923675470932 -0.44932185473483316 1.8384463824954778 1 CAMERA 72 72
73 73 0.81316982054235232 0.04643486772893362 -0.55963782462809819 -0.15298415363574389 3.0250538458052652 -0.59939796186147831 1.0887345608069887 1 CAMERA 73 73
74 74 0.76766864415914904 0.088571202910959421 -0.62848063611287408 -0.088611990277369407 2.9663926330538404 -0.14087083834036107 1.4473327761916415 1 CAMERA 74 74
75 75 0.76792450522930045 0.058591850688155707 -0.63022484250023625 -0.098364613539744808 3.0386018796334855 -0.20641503288426821 1.3157039744704 1 CAMERA 75 75
76 76 0.78774752977777207 0.048708046616913032 -0.6091840651073035 -0.07730543540478646 3.206402818318185 -0.048251639505686124 1.0142256232236662 1 CAMERA 76 76
77 77 0.79439513374359683 0.10424313233096101 -0.59314650013271764 -0.079037777212108487 3.4032387267285071 0.18110643732097498 0.64226732028466171 1 CAMERA 77 77
78 78 0.78629264783991748 0.1119033836249651 -0.60361408088193935 -0.069796461566666024 3.4606153157358293 0.29504181602030238 0.5952144542805613 1 CAMERA 78 78
79 79 0.73063355803876773 0.1118654455330463 -0.66674920127180615 -0.095426561117502542 3.4462244105071091 0.12930075762717838 0.94198540433089606 1 CAMERA 79 79
80 80 0.70985800021935819 0.11251469452447899 -0.68262872131726471 -0.13213664091913796 3.4844425425135732 -0.0683509698234923 0.95507420575350366 1 CAMERA 80 80
