# Camera list with one line of data per camera:
#   CAMERA_ID, MODEL, WIDTH, HEIGHT, PARAMS[]
# Number of cameras: 60
1 SIMPLE_RADIAL 3988 2982 3329.5495701221885 1994 1491 0.0084716342722472859
2 SIMPLE_RADIAL 3988 2982 3318.7821706321488 1994 1491 0.0060927416300147726
3 SIMPLE_RADIAL 3988 2982 3335.9087954320153 1994 1491 0.015191995841120097
5 SIMPLE_RADIAL 3988 2982 3317.1817644101366 1994 1491 0.0048444659678852078
6 SIMPLE_RADIAL 3988 2982 3307.603007361467 1994 1491 -0.0058824242705252262
7 SIMPLE_RADIAL 3988 2982 3369.2018348478018 1994 1491 0.004826891988340686
8 SIMPLE_RADIAL 3988 2982 3365.7985168681685 1994 1491 0.0050722698418439877
9 SIMPLE_RADIAL 3988 2982 3307.9721850734786 1994 1491 0.0059059432980905751
10 SIMPLE_RADIAL 3988 2982 3296.6506325525902 1994 1491 -0.0042315013457193658
11 SIMPLE_RADIAL 3988 2982 3301.8430644119221 1994 1491 -0.0057369041155085386
12 SIMPLE_RADIAL 3980 2980 3140.1556814324786 1990 1490 -0.022499217870240146
13 SIMPLE_RADIAL 3980 2980 3249.4926018871943 1990 1490 -0.0063139074918370716
14 SIMPLE_RADIAL 3992 2984 3278.883633301763 1996 1492 -0.020409251650441124
15 SIMPLE_RADIAL 3978 2978 3344.7314318873946 1989 1489 -0.010148168065936849
16 SIMPLE_RADIAL 3978 2978 3294.5850437396748 1989 1489 -0.0076956667851849408
17 SIMPLE_RADIAL 3978 2978 3293.8281079599487 1989 1489 -0.0011530216951022929
18 SIMPLE_RADIAL 3978 2978 3276.3531576961509 1989 1489 -0.015578854480123231
22 SIMPLE_RADIAL 2944 3932 2993.9168471902999 1472 1966 0.033782132617626019
23 SIMPLE_RADIAL 2944 3932 3000.7355173987457 1472 1966 0.011137547822516957
24 SIMPLE_RADIAL 2944 3932 3001.3052663484477 1472 1966 0.017990879245631124
25 SIMPLE_RADIAL 2944 3932 2982.7533719045018 1472 1966 0.022738900233516938
26 SIMPLE_RADIAL 2944 3932 2995.8235044800308 1472 1966 0.011114844290859125
27 SIMPLE_RADIAL 2944 3932 2995.1598537202967 1472 1966 0.010955638923117027
28 SIMPLE_RADIAL 2944 3932 2995.2139995032135 1472 1966 0.0069240821733996486
29 SIMPLE_RADIAL 2944 3932 2994.2750333981612 1472 1966 0.0046940911065135853
30 SIMPLE_RADIAL 2944 3932 2968.7023377389864 1472 1966 -0.045938058927905097
31 SIMPLE_RADIAL 2946 3930 2940.7980102476686 1473 1965 0.0098010512172754354
32 SIMPLE_RADIAL 2946 3930 2948.0419237018641 1473 1965 -0.017943596590692536
33 SIMPLE_RADIAL 2970 3960 2978.8800314237669 1485 1980 -0.0039185624581535338
34 SIMPLE_RADIAL 2970 3960 2977.1332175230887 1485 1980 -0.00012364587151527436
35 SIMPLE_RADIAL 2970 3960 2975.7613679117871 1485 1980 -0.0036219769729998515
36 SIMPLE_RADIAL 2970 3960 2988.754357062267 1485 1980 0.035465690942407833
37 SIMPLE_RADIAL 2304 1728 1190.0797036778265 1152 864 -0.0033061202176307585
38 SIMPLE_RADIAL 2304 1728 1198.2258631886161 1152 864 -0.0042382750214491017
39 SIMPLE_RADIAL 2304 1728 1198.7642905496098 1152 864 -0.00023215146798535429
40 SIMPLE_RADIAL 2304 1728 1204.7273464128912 1152 864 -0.024853250693863134
41 SIMPLE_RADIAL 2304 1728 1199.9900785659815 1152 864 -0.0096720576829798163
42 SIMPLE_RADIAL 2304 1728 1192.514733500285 1152 864 -0.0089952203764701623
43 SIMPLE_RADIAL 2304 1728 1194.256232499853 1152 864 -0.023459867481925727
44 SIMPLE_RADIAL 2304 1728 1208.7737676302802 1152 864 -0.022031128238872183
45 SIMPLE_RADIAL 2304 1728 1345.9739425073376 1152 864 -0.020698825153889142
46 SIMPLE_RADIAL 1906 1068 1483.5172839835948 953 534 0.016098214773718818
47 SIMPLE_RADIAL 1906 1068 1514.0352083917589 953 534 -0.028523704460229095
48 SIMPLE_RADIAL 1906 1068 1507.4701248921497 953 534 -0.02634805432194693
49 SIMPLE_RADIAL 1906 1068 1497.7270579810067 953 534 0.030521760851629665
50 SIMPLE_RADIAL 1906 1068 1498.9209023686265 953 534 0.013206841264727737
51 SIMPLE_RADIAL 1906 1068 1499.340779084172 953 534 -0.037767388773700721
52 SIMPLE_RADIAL 1906 1068 1494.4905884910349 953 534 0.0077221383576020052
53 SIMPLE_RADIAL 1906 1068 1502.1037041640686 953 534 -0.033608772524028302
54 SIMPLE_RADIAL 1906 1068 1494.1412622927646 953 534 0.019278216005557833
55 SIMPLE_RADIAL 1906 1068 1511.9866776426559 953 534 -0.025707856939184478
56 SIMPLE_RADIAL 1906 1068 1509.3661078366874 953 534 0.023593064521537966
57 SIMPLE_RADIAL 1902 1068 1503.9857916192161 951 534 0.018412919090609017
58 SIMPLE_RADIAL 1902 1068 1516.2997375734644 951 534 -0.024190299570777375
59 SIMPLE_RADIAL 1902 1068 1497.3269343682582 951 534 0.023670473447198821
60 SIMPLE_RADIAL 1902 1068 1505.1878231847691 951 534 -0.020725024536024223
61 SIMPLE_RADIAL 1902 1068 1499.9574099011509 951 534 0.0068737305356581548
62 SIMPLE_RADIAL 1902 1068 1493.5163054973393 951 534 0.00284818503513809
63 SIMPLE_RADIAL 1902 1068 1508.8740930444196 951 534 0.016075106054839684
64 SIMPLE_RADIAL 1902 1068 1511.7967753853429 951 534 -0.019278549668185232
