# Frame list with one line of data per frame:
#   FRAME_ID, RIG_ID, RIG_FROM_WORLD[QW, QX, QY, QZ, TX, TY, TZ], NUM_DATA_IDS, DATA_IDS[] as (SENSOR_TYPE, SENSOR_ID, DATA_ID)
# Number of frames: 60
1 1 0.9370374131060436 -0.064348302066781979 0.33690962923150503 0.065666461696560513 -3.6562726118558708 -0.46478094663927139 1.2965477796713036 1 CAMERA 1 1
2 2 0.93729492543447179 -0.063655485363824926 0.3380042359614514 0.056385622369532075 -2.7214411724675038 -0.26006994036785341 -0.043673823306747378 1 CAMERA 2 2
3 3 0.96951813679171273 0.041009735919875723 0.24065098854569072 0.020973452355053237 -2.8233330089329294 0.096261793394381359 -0.45362166169854995 1 CAMERA 3 3
5 5 0.96947055682515126 0.0067755077981629056 0.23478231855399215 0.07041445048866192 -3.1898667834229939 -0.26835629588488413 -0.36092604813706103 1 CAMERA 5 5
6 6 0.98040320264185299 0.017107673314208552 0.18749037202938615 0.058002139267913859 -3.2126011197329398 -0.17775004053754165 -0.63405765606854703 1 CAMERA 6 6
7 7 0.9845034545860839 0.047800367007664379 0.16357213597613607 0.041379090785126596 -3.7408794977625162 -0.4020965222210019 0.27080642925177467 1 CAMERA 7 7
8 8 0.99563763675777672 -0.024710842323443238 0.089322872352319491 0.010793285773413453 0.28901308198391368 -0.29636607572977997 -0.03290218754494794 1 CAMERA 8 8
9 9 0.98741804187715165 -0.035146010904134481 -0.15162153603932069 -0.027951355997431922 2.3737925655651781 -0.12441678082825104 -1.0463539229529983 1 CAMERA 9 9
10 10 0.93722185422106163 -0.069789896756492456 -0.32727404815280869 -0.098164472630511423 2.7809800197405963 -0.48735848564117085 -0.51499830089321885 1 CAMERA 10 10
11 11 0.88750590961637921 -0.077975066488357753 -0.44310836014461269 -0.099539592987372721 2.8549146185474319 -0.47853700419369427 0.052397670900585475 1 CAMERA 11 11
12 12 0.99566965762237292 -0.092937788034671398 -0.0020831625579875415 0.00040109740255414177 1.5672104964742319 -0.38159705167759589 1.6559816479474887 1 CAMERA 12 12
13 13 0.9350064094683127 -0.079292576978848117 -0.34361254347497905 -0.037498286039273312 1.8174663867342262 -0.27457649353598607 0.64875126476565714 1 CAMERA 13 13
14 14 0.87802951775602389 0.015029987317977172 -0.46006875101517547 -0.13105346149446828 2.7969637724157286 0.061646763373186725 -1.4110855623621961 1 CAMERA 14 14
15 15 0.99738751043723139 -0.0094884200863333528 -0.071606807935389635 0.00076744080623142676 0.45685659508919163 -0.027474681130482646 -1.193205820405532 1 CAMERA 15 15
16 16 0.93058034767013142 0.086378991309609229 -0.34913128361420293 -0.06830983232573952 1.9924997324454208 0.33732051153176856 -1.2171762781322482 1 CAMERA 16 16
17 17 0.94778005780826313 0.06266413301949085 -0.3009266032274604 -0.085025572176044589 1.8942617748480195 0.24945073591748301 -1.4865877567236803 1 CAMERA 17 17
18 18 0.89778801756025783 0.028791940456120262 -0.43127266282245552 -0.084567073923732486 2.3903689625997986 0.18398253903134115 -1.1762701312718131 1 CAMERA 18 18
22 22 0.87736356849221786 -0.0916831950278435 0.46710489663678861 0.060335528256762389 -2.0539796849510474 -0.48182279412404438 8.5286523385764959 1 CAMERA 22 22
23 23 0.87658857881803598 -0.071210566136345382 0.47031586279895843 0.072969226088729869 -1.6942406771053022 -0.83694172142442791 7.7567035429897295 1 CAMERA 23 23
24 24 0.90622551595304246 -0.083143255861052964 0.40589450909156105 0.084214967373895458 -2.6371279432220027 -0.91647882736872666 7.1959658125777306 1 CAMERA 24 24
25 25 0.92183729163863015 -0.090158236614487783 0.35578707084257072 0.12451128597916306 -3.163518692025864 -1.3396777068231929 6.7148540400509207 1 CAMERA 25 25
26 26 0.95173499342975099 -0.052822872859212125 0.29467365258121525 0.067658590427356904 -4.0694487502644847 -1.1214825437420255 5.9516219924683336 1 CAMERA 26 26
27 27 0.95799489608967048 -0.064088383532439383 0.26533775873196314 0.0879450507614781 -4.3031998756087937 -1.2780897769551298 5.6527578655857198 1 CAMERA 27 27
28 28 0.9726719750586974 -0.082762917696850388 0.20759286383193515 0.062966112122099654 -4.9593033756138265 -0.9031485507143574 5.0634402741573377 1 CAMERA 28 28
29 29 0.97894849468635481 -0.14434259519145093 0.14271915707410796 0.021361230506992662 -2.5892158401912475 -0.19102339410171934 1.550327061111032 1 CAMERA 29 29
30 30 0.96477246699631081 -0.13631720875543235 -0.22501472534092398 0.00028089629572544786 3.2349070036679821 -0.066335837949606513 0.97306676404679815 1 CAMERA 30 30
31 31 0.87856529715842091 -0.10409446868803376 -0.46389050922871117 -0.045748832389676981 2.6230870013747931 -0.1746796947944976 4.0011552375967598 1 CAMERA 31 31
32 32 0.9887926483172389 -0.10881694806978931 0.099805704475930429 0.022063358779236528 -1.1455049223723359 -0.30233001558903705 1.1043988939271032 1 CAMERA 32 32
33 33 0.95367475220698061 -0.1541485576855178 -0.19674711638820891 -0.16743136312935261 1.7170395630433568 -0.82126118661219927 -1.9057109505316132 1 CAMERA 33 33
34 34 0.94183373136565129 -0.1613893461934775 -0.24040673536191609 -0.17060862519146525 1.8123500267346275 -0.85244008559234252 -1.7598088027609686 1 CAMERA 34 34
35 35 0.92822526016687257 -0.17362578805301385 -0.27609447395282977 -0.1789519308748076 1.8621451103803983 -0.91965921734023715 -1.6223135371052615 1 CAMERA 35 35
36 36 0.95369266386913742 -0.16875119521958168 0.24542076186821485 0.041976024563744628 -3.3783428397003505 -0.19616606185648966 0.9733908610505686 1 CAMERA 36 36
37 37 0.99383456059702779 0.092059701315347575 -0.059215827788423533 -0.017645489394565391 2.1997886284212762 -0.41500928039564328 1.5570194037405705 1 CAMERA 37 37
38 38 0.99312067851433106 0.076950265787571678 -0.085359450606763518 -0.022444123831598911 2.0885970297250376 0.015546713922657279 0.6385206926649466 1 CAMERA 38 38
39 39 0.99124127296124831 0.061251936337858928 -0.11238854936698951 -0.032523115536653886 2.0964655701785144 0.3488846282644813 -0.19982654760348592 1 CAMERA 39 39
40 40 0.98639988000845902 0.065605670584919548 -0.14291032842048595 -0.04783106456216054 1.1561359466995562 0.30380775523034098 -0.12151582638406537 1 CAMERA 40 40
41 41 0.99114115444155004 0.072073787211791057 -0.1061546373545474 -0.034289563096453396 1.1782348067493276 -0.048830604702395849 0.76112251185195312 1 CAMERA 41 41
42 42 0.98368238515775941 0.078603145490725515 -0.15337925806319014 -0.051626677651100697 1.0308425995419817 -0.53155276636649973 1.9285908601966044 1 CAMERA 42 42
43 43 0.98550352365831162 0.077777591847484451 -0.13855943542051766 -0.05945362831152734 0.26152115931327741 -0.50788019697554543 1.8561108852986166 1 CAMERA 43 43
44 44 0.99287660908366859 0.070102916827209635 -0.093076353544296872 -0.024867902962056706 0.36631110096533059 -0.048227718080490561 0.80832103912546427 1 CAMERA 44 44
45 45 0.99071617583592464 0.040999794634548684 -0.12567189320500266 -0.031734067423458731 0.62337812622350064 0.13885644457550408 0.31350829221024934 1 CAMERA 45 45
46 46 0.96979263750851497 -3.8097418861122176e-05 -0.23323370401032886 -0.071444230673213274 1.4789892125485624 -0.37923409910031114 2.2677743153142234 1 CAMERA 46 46
47 47 0.99849897885928673 -0.040447857614078722 -0.012555451953959483 -0.034729247870125657 1.0693317843314509 0.21080285893020373 -0.47950935671117539 1 CAMERA 47 47
48 48 0.99900490820604826 -0.028486271215190231 0.026617426896890627 -0.021661909377255623 1.3400301866171063 0.05781352512528929 0.41683284159562634 1 CAMERA 48 48
49 49 0.95661331750742684 -0.018498111717570553 -0.2773787410661761 -0.087234251500558121 0.84715337607074881 -0.076405126260848041 1.1177058363710675 1 CAMERA 49 49
50 50 0.94061400942469153 -0.013357782791251853 -0.3235688173040443 -0.10183356706592316 0.25982658255833552 -0.30838714688083718 2.2159261452384258 1 CAMERA 50 50
51 51 0.99881713579859288 -0.029389392279247185 -0.010453587645722233 -0.037300339970097657 0.77198092953925168 -0.1617617569539081 1.7786653564237487 1 CAMERA 51 51
52 52 0.94406673780427675 -0.015551162385927153 -0.31384458669485266 -0.099988655968438367 -0.42558587904426631 -0.18919466517166147 1.8813124098054042 1 CAMERA 52 52
53 53 0.99858832579271584 -0.031730614117067873 0.040363479839629415 -0.013612979596341909 0.56077306345627087 0.067895296687502951 0.64910785113788838 1 CAMERA 53 53
54 54 0.96109429269235369 -0.022992189464467069 -0.2639854756242449 -0.077979410341805749 0.086294408535332073 0.028842777358228395 0.85010250022295886 1 CAMERA 54 54
55 55 0.99859295521207725 -0.041963390117366856 0.030228157802675692 -0.011723573112526484 0.25392310945417679 0.24950153063030581 -0.33889227107796577 1 CAMERA 55 55
56 56 0.95849134045182716 -0.033407946226349745 -0.27164360041297853 -0.079925050906902495 0.42320839287151174 0.20806311442425718 -0.10871894926634668 1 CAMERA 56 56
57 57 0.94426743795832258 0.017400184041740503 -0.30861703456532941 -0.1131890683018527 1.1581007271156492 0.066038820930392067 0.24983967422145348 1 CAMERA 57 57
58 58 0.99934360482714357 0.0051420713233141738 -0.012685976096342453 -0.033540790152868753 1.0697510875383929 0.25731154410879031 -0.44393791736467886 1 CAMERA 58 58
59 59 0.95666118363740815 0.029808660758536016 -0.27164521911775735 -0.10059671165461403 0.84815612056949297 -0.18622057950336784 1.09855531714364 1 CAMERA 59 59
60 60 0.99908500863407257 0.016236859343437444 0.028614678825659056 -0.027325996359162632 1.3353499221994092 0.0023391680538716033 0.41808130934640991 1 CAMERA 60 60
61 61 0.94031459375873006 0.028554591736058805 -0.3197255076177164 -0.11299867182288038 0.25877522917353069 -0.49950156929322614 2.1867311509347553 1 CAMERA 61 61
62 62 0.94357492880316551 0.029686738452065715 -0.30820559511198276 -0.11744940372708666 -0.43106773498307477 -0.36839684880958751 1.8524934431093458 1 CAMERA 62 62
63 63 0.95872534580196989 0.010536471604404735 -0.26886323952983265 -0.091908935977665807 0.42392239461976228 0.2172554609393379 -0.0923481327994118 1 CAMERA 63 63
64 64 0.99949838417465076 0.0033694512169107987 0.029681805423598853 -0.010517473915109614 0.25526276916046814 0.27758034598322801 -0.30665036382203886 1 CAMERA 64 64
