# Camera list with one line of data per camera:
#   CAMERA_ID, MODEL, WIDTH, HEIGHT, PARAMS[]
# Number of cameras: 61
1 SIMPLE_RADIAL 3988 2982 3311.1410283730884 1994 1491 0.0053355366714271726
2 SIMPLE_RADIAL 3988 2982 3318.269133177791 1994 1491 0.013956597334389805
3 SIMPLE_RADIAL 3988 2982 3360.271409821044 1994 1491 0.010785856155161212
4 SIMPLE_RADIAL 3988 2982 3303.5553811904874 1994 1491 0.012127362489672942
5 SIMPLE_RADIAL 3988 2982 3313.3749532830025 1994 1491 0.002518974154311552
7 SIMPLE_RADIAL 3988 2982 3323.2998746348758 1994 1491 -0.0032882002875135661
8 SIMPLE_RADIAL 3988 2982 3322.0892796238377 1994 1491 0.0052473858669671043
9 SIMPLE_RADIAL 3980 2980 3348.3012157419507 1990 1490 -0.00048846832352804532
10 SIMPLE_RADIAL 3980 2980 3354.0266123787219 1990 1490 0.0072262070522587304
11 SIMPLE_RADIAL 3980 2980 3377.0021966456534 1990 1490 0.0063415953819237593
12 SIMPLE_RADIAL 3980 2980 3355.854052493125 1990 1490 0.0013553696318217047
13 SIMPLE_RADIAL 3980 2980 3300.0016470482142 1990 1490 0.0017129208324425558
14 SIMPLE_RADIAL 3970 2978 3307.6410114406895 1985 1489 0.0010960990610014943
15 SIMPLE_RADIAL 3992 2984 3404.7528815290079 1996 1492 0.015791583319891389
16 SIMPLE_RADIAL 3992 2984 3339.5008848443922 1996 1492 0.0058780543974151145
17 SIMPLE_RADIAL 3978 2978 3298.5759510579355 1989 1489 -0.0061777115058774873
18 SIMPLE_RADIAL 3978 2978 3285.0377527142905 1989 1489 -0.0077726725081212747
19 SIMPLE_RADIAL 3978 2978 3283.3973600039412 1989 1489 -0.0072776944912897358
20 SIMPLE_RADIAL 3978 2978 3442.5551050537442 1989 1489 0.003384467015499664
21 SIMPLE_RADIAL 3978 2978 3388.0195652244556 1989 1489 0.031936863103637955
22 SIMPLE_RADIAL 3978 2978 3281.841485639186 1989 1489 -0.0030387673361276751
33 SIMPLE_RADIAL 2944 3932 2997.7436230901872 1472 1966 0.0098801285751238064
34 SIMPLE_RADIAL 2944 3932 3000.3119788721574 1472 1966 0.0058951294850117641
35 SIMPLE_RADIAL 2944 3932 2995.433937303872 1472 1966 -0.00072339973874581593
36 SIMPLE_RADIAL 2944 3932 2993.0422561785149 1472 1966 0.006931147526942712
37 SIMPLE_RADIAL 2944 3932 2989.832537936823 1472 1966 0.0082046311419823759
38 SIMPLE_RADIAL 2944 3932 2991.7692806187251 1472 1966 0.0046170826037894106
39 SIMPLE_RADIAL 2944 3932 2992.6777550851134 1472 1966 0.00092986341598753181
40 SIMPLE_RADIAL 2946 3936 2998.0538810897874 1473 1968 0.0031386100996037979
41 SIMPLE_RADIAL 2946 3936 3002.5778614261017 1473 1968 -0.00070406280640208279
42 SIMPLE_RADIAL 2946 3936 3000.6065017716714 1473 1968 -0.00066064231985977942
43 SIMPLE_RADIAL 2946 3936 2999.8135302680257 1473 1968 -0.0012356058307228242
44 SIMPLE_RADIAL 2946 3930 2991.5148316913028 1473 1965 -0.0054997291613753324
45 SIMPLE_RADIAL 2946 3930 3004.1632272250686 1473 1965 0.00075667352439935903
46 SIMPLE_RADIAL 2946 3930 2995.5676565990725 1473 1965 0.0054165934161392896
47 SIMPLE_RADIAL 2946 3930 3026.4993324913216 1473 1965 0.01544365885554431
48 SIMPLE_RADIAL 2970 3960 3012.1548412095058 1485 1980 -0.035395490325843486
49 SIMPLE_RADIAL 2970 3960 3033.292417966109 1485 1980 0.018517694006444301
50 SIMPLE_RADIAL 2304 1728 1198.5252614066553 1152 864 0.012140013547725863
51 SIMPLE_RADIAL 2304 1728 1200.989311672929 1152 864 0.0097710305148424933
52 SIMPLE_RADIAL 2304 1728 1193.2386473887564 1152 864 0.013362868506342402
53 SIMPLE_RADIAL 2304 1728 1186.221771105917 1152 864 0.0083281566302851606
54 SIMPLE_RADIAL 2304 1728 1193.3395937705588 1152 864 0.016490422050491935
55 SIMPLE_RADIAL 2304 1728 1200.1662436932422 1152 864 0.015518448854528943
56 SIMPLE_RADIAL 2304 1728 1197.0269547518524 1152 864 0.011566394018160587
57 SIMPLE_RADIAL 2304 1728 1194.6278810637093 1152 864 0.011286548932173839
58 SIMPLE_RADIAL 2304 1728 1184.4967086596346 1152 864 0.016098312115687467
59 SIMPLE_RADIAL 1906 1068 1505.5439510760182 953 534 0.011997813312248513
60 SIMPLE_RADIAL 1906 1068 1498.7616538319883 953 534 0.026788543404631281
61 SIMPLE_RADIAL 1906 1068 1514.5181489654185 953 534 0.021323794325271098
62 SIMPLE_RADIAL 1906 1068 1511.1680962413234 953 534 -0.034124657531276775
63 SIMPLE_RADIAL 1906 1068 1507.4072243137746 953 534 0.0131162571558132
64 SIMPLE_RADIAL 1906 1068 1505.9615220577718 953 534 -0.037991056171441481
65 SIMPLE_RADIAL 1906 1068 1493.4547591937635 953 534 0.019613923783068869
66 SIMPLE_RADIAL 1902 1068 1496.0784245153145 951 534 0.012983266845228636
67 SIMPLE_RADIAL 1902 1068 1497.6297065140509 951 534 0.021893745652721265
68 SIMPLE_RADIAL 1902 1068 1506.2222994595518 951 534 -0.018799319460743525
69 SIMPLE_RADIAL 1902 1068 1514.0687021444739 951 534 0.014520573155906149
70 SIMPLE_RADIAL 1902 1068 1506.687428409002 951 534 0.0073953694896117588
71 SIMPLE_RADIAL 1902 1068 1494.426311719141 951 534 0.011174166863242366
72 SIMPLE_RADIAL 1902 1068 1503.1785050156659 951 534 -0.027448159624852912
