# Frame list with one line of data per frame:
#   FRAME_ID, RIG_ID, RIG_FROM_WORLD[QW, QX, QY, QZ, TX, TY, TZ], NUM_DATA_IDS, DATA_IDS[] as (SENSOR_TYPE, SENSOR_ID, DATA_ID)
# Number of frames: 61
1 1 0.92950024711067181 -0.02126366705071488 0.36773291000506214 0.018699036979623041 -1.7441660674325867 0.047778122579136689 -1.0301579722818579 1 CAMERA 1 1
2 2 0.96703174401788417 0.025641406653107733 0.25192092314030023 0.026980971270845106 -1.5561384996222976 0.15197004412270396 -1.3052124768892031 1 CAMERA 2 2
3 3 0.97178937890043526 0.013133641862095384 0.2352877828816736 0.0096213166651508385 -1.6349741432777412 0.13013336297390315 -1.2281539567579565 1 CAMERA 3 3
4 4 0.82215076198134007 0.0025439806150501722 -0.56135008128394515 -0.094592489018106185 3.4407614043409995 -0.3553068384065422 2.1227097263921375 1 CAMERA 4 4
5 5 0.82485597878896488 -0.0065844023101491464 -0.55822783092088424 -0.089168092318281239 3.5119789765359291 -0.3097369916714795 2.0604354697084473 1 CAMERA 5 5
7 7 0.99579591944299073 -0.025716401776100045 -0.083867299407621776 -0.026370999041588902 1.6936105972911824 -0.16817750344993407 0.041585347175563885 1 CAMERA 7 7
8 8 0.98947698808515538 -0.0056068833209718802 0.14457155028380181 0.0017087299063010236 0.68760192798131037 -0.061230129656231057 -0.69739007990905966 1 CAMERA 8 8
9 9 0.9922770768318937 -0.051705740644933461 0.10663859717616063 0.036618694277808624 0.55058715386069501 -0.19027716950385251 0.57298918843375868 1 CAMERA 9 9
10 10 0.97758097424585333 -0.042421576450792205 0.2030720361342101 0.036022170732258357 0.69300974977175367 -0.19398098237738756 0.45736638488490333 1 CAMERA 10 10
11 11 0.98206339667750453 -0.049205248566295559 0.17277155166896901 0.057274072263706434 0.91936779538154101 -0.20127955623528224 1.0689499443951338 1 CAMERA 11 11
12 12 0.99616238287853265 -0.0733683519027057 0.046178330957405013 -0.012047971897089954 1.7586103388470862 -0.20980957769863592 0.99547548735736058 1 CAMERA 12 12
13 13 0.98615788287055739 -0.028011866245929207 -0.15786897750791637 -0.042253418113631591 1.8955797151557567 -0.19861067110056349 0.13625870586519692 1 CAMERA 13 13
14 14 0.98204728434314326 -0.017924059611085973 -0.18529472153049723 -0.030458587857145281 2.711339926949738 -0.11451244607646542 0.33689299246653043 1 CAMERA 14 14
15 15 0.90047100719678907 0.03454344421171452 -0.41461993106790351 -0.12668476001966225 2.77983741855095 -0.062042347984667595 -0.71669142248793694 1 CAMERA 15 15
16 16 0.99845575525122698 0.0078338530078082783 -0.054736856183388347 -0.0053490305582685948 2.1240605577530371 -0.34933464658702312 1.4155634768430432 1 CAMERA 16 16
17 17 0.99634949252954164 -0.02404395093049352 0.080457174889337707 0.015369455702909544 0.61267882769842574 0.030320580268160969 -1.2076697161265477 1 CAMERA 17 17
18 18 0.99975031387596835 0.011399607785445525 -0.018666382315247237 -0.0045743872269179472 1.0047368285093894 0.14097740636387562 -1.3351789769572042 1 CAMERA 18 18
19 19 0.99927339242096158 0.028533123910559285 0.0031308414298177574 -0.025074805509694674 0.97646125507669301 0.15582915834312436 -1.4170801876743517 1 CAMERA 19 19
20 20 0.95942778472725576 0.077817576369860725 -0.25808021589871794 -0.082688287338307118 2.2170986233344379 0.16302923161933014 -1.0066160674065698 1 CAMERA 20 20
21 21 0.88358353182264582 0.027270043704130578 -0.46573581887832494 -0.040331551196680825 2.6098711812010316 0.20484523083072956 -0.19650000272075818 1 CAMERA 21 21
22 22 0.78354335515834572 0.012683182151449389 -0.60023363224288784 -0.16005790890245122 3.775337743093421 -0.62791053549965148 1.1740906840994536 1 CAMERA 22 22
33 33 0.88958859310751703 -0.036313450138641075 0.45431118615487126 0.03024590032666636 -3.0103633389267168 -0.65347033197447413 5.9752295007500802 1 CAMERA 33 33
34 34 0.90372329129957574 -0.049330128111330612 0.42417595140726461 0.030422252890342293 -3.3602495475494703 -0.57383757254417578 5.729124764000975 1 CAMERA 34 34
35 35 0.92906951645048486 -0.12662045971285582 0.34528818183382115 0.039663134904612693 -3.7927674133927494 -0.20982752436835736 4.6309795679217398 1 CAMERA 35 35
36 36 0.89005217449325158 -0.097737008514262078 0.44325543843026799 0.04218080308041107 -2.6237869762644181 -0.27554897010751589 5.1286576531034731 1 CAMERA 36 36
37 37 0.86245048048100659 -0.08030491338615911 0.49828364603136505 0.03799602218406456 -1.9048479225592119 -0.28921321600507027 5.247623866314977 1 CAMERA 37 37
38 38 0.84856798954671875 -0.061132135560136851 0.52251763816747798 0.05630760980877543 -1.3612758394307016 -0.51109939896409851 4.689848017414322 1 CAMERA 38 38
39 39 0.9239113074045594 -0.040214428690103513 0.36913077232322428 0.092266834231950312 -2.5597484330436004 -0.94764416917760319 3.560131616391192 1 CAMERA 39 39
40 40 0.85465153345984446 -0.072032131498167187 0.51107729200923746 0.05641037120132876 -2.1217538198844985 -0.64987720023155571 7.7013503432171788 1 CAMERA 40 40
41 41 0.87875382343097308 -0.089975455968368104 0.46590762256468843 0.051246681500856497 -2.5512619058219572 -0.44611247127151837 6.8906017740613672 1 CAMERA 41 41
42 42 0.92302795998984843 -0.075083504965735043 0.37225165028428958 0.061729743395404019 -3.7577156259625304 -0.83820961671776073 6.0950622243523194 1 CAMERA 42 42
43 43 0.93832172364840338 -0.083442474836828151 0.33314788190802519 0.040027304465718269 -4.2582884176121221 -0.57014510176964994 5.7195591826401149 1 CAMERA 43 43
44 44 0.81152767259363345 -0.084211478140764226 0.5756181133925049 0.05472706002117643 -0.52028898979539828 -0.3745024335930095 8.721527009028744 1 CAMERA 44 44
45 45 0.79264490153657974 -0.092820926515735924 0.60156176780785664 0.034953900793937717 0.1059813553852709 0.004824760295014263 8.2306635792920009 1 CAMERA 45 45
46 46 0.87982033325678044 -0.07958877460701759 0.46690508758264682 0.039767415479538139 -2.1401857187744957 -0.40703962092029322 6.9499270493995073 1 CAMERA 46 46
47 47 0.98576315809858539 -0.099311207444629943 0.13527253399848235 -0.010470040927440121 -0.42084603174022484 -0.18103713978917854 0.28118586296318615 1 CAMERA 47 47
48 48 0.74585677208410517 -0.055066694163765501 -0.6383429997607406 -0.18216352375438025 2.6957070584595781 -0.96401823370649009 2.4349901665251692 1 CAMERA 48 48
49 49 0.88902736829352491 -0.036054587860875231 -0.45601584426737024 -0.019492431772082087 2.9101980157914014 0.11617506853391629 0.36669064843917321 1 CAMERA 49 49
50 50 0.99338895239928182 0.11274700128359234 -0.013459048942725755 -0.016892511778076286 2.2867707481219472 -0.065420675444242474 0.74356080032592997 1 CAMERA 50 50
51 51 0.9940293251397907 0.099062097766327586 -0.039896640294647623 -0.022375424944939545 2.2308669863814381 0.22628909255984178 0.089351484069997517 1 CAMERA 51 51
52 52 0.99356749827283297 0.08497853563696077 -0.06727283959794414 -0.032812191473462371 2.2612114327767818 0.43895847064519117 -0.49687609606986011 1 CAMERA 52 52
53 53 0.99020893861951975 0.091478071985317377 -0.094072336703229759 -0.047627887744969968 1.5933122187687048 0.39329118453541823 -0.41709712328762411 1 CAMERA 53 53
54 54 0.99317554508082251 0.095623619115888556 -0.057744554971550788 -0.033526504317154086 1.5822833978819766 0.1620833509322821 0.18343156960994997 1 CAMERA 54 54
55 55 0.98808415301872932 0.10141245298949352 -0.10460572841079473 -0.049627235622803918 1.5089906621581792 -0.21974130757181412 1.1293191537115208 1 CAMERA 55 55
56 56 0.98936727210601438 0.10081001005813339 -0.086851141059138118 -0.058707938596995565 0.93475628349169337 -0.21330378617738893 1.0398848086791515 1 CAMERA 56 56
57 57 0.99450753800035119 0.093108480852221898 -0.040750306057871402 -0.024999604198096517 0.96625088765916411 0.1763283415348193 0.16772952473670874 1 CAMERA 57 57
58 58 0.99483465926201931 0.084414016902438424 -0.049750267817392183 -0.026517641929753321 0.9509135729021182 0.44866418760202514 -0.54322356874061239 1 CAMERA 58 58
59 59 0.97929843326898336 0.024091535966050237 -0.18733028646158442 -0.072811676714191254 1.8826668885726916 -0.2125483027027977 1.494836710759383 1 CAMERA 59 59
60 60 0.96894100630517399 0.008119792386146964 -0.23076583846344215 -0.088512841272818457 1.4372447577990837 -0.024746367081216643 0.68633273190459954 1 CAMERA 60 60
61 61 0.95560856887357271 0.013132927705206385 -0.27626066043277947 -0.10158659755369641 1.0150971760171041 -0.21520025244756574 1.5939115442667864 1 CAMERA 61 61
62 62 0.99815443538811133 -0.0064370425510866646 0.040595034743679405 -0.044702692898703163 1.1877848342368114 -0.020655978624544824 0.78254240262511254 1 CAMERA 62 62
63 63 0.95928432051748491 0.011116582813843508 -0.26392795692841892 -0.099960229828871969 0.50963519625078935 -0.12500089147537632 1.3203927815601406 1 CAMERA 63 63
64 64 0.9954247689153467 -0.010028994794314057 0.092396445756345966 -0.022177590149495517 0.96877487829965847 0.17270686106287836 -0.12257143719919375 1 CAMERA 64 64
65 65 0.97348335065123914 0.0035665107337717245 -0.21437861955280452 -0.079744927642178443 0.87345616280654792 0.065872842575699891 0.46225171774906104 1 CAMERA 65 65
66 66 0.95687378787520649 0.046115620073933695 -0.26398302929531214 -0.11215553444490149 1.6730454746377905 0.061622839345214724 0.11795820221194413 1 CAMERA 66 66
67 67 0.96751063702462858 0.057030758386220431 -0.22530387132979734 -0.099543083164507898 1.4395594053483665 -0.091244473235316245 0.67551795268954573 1 CAMERA 67 67
68 68 0.99564107119997358 0.038677137803000666 0.07800400493669736 -0.033441165723890505 1.5617492072429802 0.16117145574165187 -0.25696490416056494 1 CAMERA 68 68
69 69 0.95418097959423187 0.055092950590428097 -0.27253099067379533 -0.1105906148739237 1.0148712515355613 -0.34623431263875593 1.5712726007236342 1 CAMERA 69 69
70 70 0.9574518725090847 0.056755351327258494 -0.25854267071786868 -0.11498012585937943 0.50636698543481973 -0.25355997080251047 1.3001091484567422 1 CAMERA 70 70
71 71 0.97022215555958569 0.03886707636674637 -0.22063712832343166 -0.09207375761422007 1.1244220355741916 0.2076488470406645 -0.21298574165064157 1 CAMERA 71 71
72 72 0.9960445349017083 0.025822480191932846 0.0832762137202748 -0.017133482938154476 0.75552049313141967 0.37128351242757535 -0.80467013319584635 1 CAMERA 72 72
