# Camera list with one line of data per camera:
#   CAMERA_ID, MODEL, WIDTH, HEIGHT, PARAMS[]
# Number of cameras: 120
2 SIMPLE_RADIAL 1892 1418 1594.4025831687532 946 709 -0.014130982458225959
3 SIMPLE_RADIAL 1886 1416 1577.4671935682886 943 708 0.0080199937753040688
4 SIMPLE_RADIAL 1886 1416 1574.0298844193721 943 708 0.011602007382899326
5 SIMPLE_RADIAL 1886 1416 1574.4972819204922 943 708 0.0095523662967963909
6 SIMPLE_RADIAL 1886 1416 1572.0657470796223 943 708 -0.001156720829496355
7 SIMPLE_RADIAL 1886 1416 1576.8564423645248 943 708 -0.002052827058857936
8 SIMPLE_RADIAL 1888 1414 1574.4339948819456 944 707 -0.0020269325637030928
9 SIMPLE_RADIAL 1888 1414 1575.4475936798249 944 707 -0.0020855698312292445
10 SIMPLE_RADIAL 1888 1414 1576.8835178817465 944 707 0.0015145606485023621
11 SIMPLE_RADIAL 1888 1414 1580.341667927363 944 707 0.007339692064290723
12 SIMPLE_RADIAL 1888 1414 1577.0045466759252 944 707 0.0020244838407865186
13 SIMPLE_RADIAL 1888 1414 1574.5941932976564 944 707 0.0018060578325304068
14 SIMPLE_RADIAL 1888 1414 1573.7501202738351 944 707 0.0015417163585206661
15 SIMPLE_RADIAL 1888 1414 1577.4134929585762 944 707 0.011328580333112959
16 SIMPLE_RADIAL 1888 1414 1577.6572378712419 944 707 -0.0014674240593472254
17 SIMPLE_RADIAL 1888 1414 1572.7691713804472 944 707 -0.0005954654633953143
18 SIMPLE_RADIAL 1888 1414 1573.360148609047 944 707 0.00036593577262820324
20 SIMPLE_RADIAL 1888 1414 1576.4192388023025 944 707 -0.0014712018313267779
21 SIMPLE_RADIAL 1888 1414 1575.6461569423996 944 707 0.00069052922649647723
22 SIMPLE_RADIAL 1888 1414 1587.6097864858241 944 707 0.0073251387693821935
23 SIMPLE_RADIAL 1888 1414 1584.868364806008 944 707 0.007728147907777397
24 SIMPLE_RADIAL 1888 1414 1582.964326492737 944 707 0.0066795095938830948
25 SIMPLE_RADIAL 1888 1414 1583.7755274935496 944 707 0.005037947923534165
26 SIMPLE_RADIAL 1888 1414 1581.2282653401417 944 707 0.0060697877944959769
27 SIMPLE_RADIAL 1888 1414 1582.4987525711761 944 707 0.0055541133520362936
28 SIMPLE_RADIAL 1888 1414 1582.8559634157305 944 707 0.0058442853914444752
29 SIMPLE_RADIAL 1888 1414 1581.9772532446416 944 707 0.0049897971416682611
30 SIMPLE_RADIAL 1888 1414 1581.0947590136605 944 707 0.0053411374127373488
31 SIMPLE_RADIAL 1888 1414 1586.0180857024141 944 707 0.0037670851614576822
32 SIMPLE_RADIAL 1888 1414 1586.5749141517135 944 707 0.0072216056179972348
33 SIMPLE_RADIAL 1888 1414 1587.1784889800426 944 707 0.0049924487997928292
34 SIMPLE_RADIAL 1888 1414 1589.1481433159256 944 707 0.0088772016924988234
35 SIMPLE_RADIAL 1888 1414 1596.3239871812486 944 707 0.011368638081947923
36 SIMPLE_RADIAL 1888 1414 1594.093774275279 944 707 0.017951732846793678
37 SIMPLE_RADIAL 1888 1414 1597.4274975060157 944 707 0.0083142486999252703
55 SIMPLE_RADIAL 1888 1416 1543.8169475447889 944 708 -0.016579436934637197
56 SIMPLE_RADIAL 1888 1416 1547.5713579026624 944 708 0.0010773725504828215
57 SIMPLE_RADIAL 1888 1416 1554.3479095765865 944 708 -0.0079993858060939428
58 SIMPLE_RADIAL 1888 1416 1592.8025801623817 944 708 0.0017386926674678625
59 SIMPLE_RADIAL 1888 1416 1556.6663367724702 944 708 -0.0049619016992089897
60 SIMPLE_RADIAL 1888 1416 1552.6597741354958 944 708 0.0058491286430029515
61 SIMPLE_RADIAL 1888 1416 1546.3316929969412 944 708 -0.0011772074597843651
62 SIMPLE_RADIAL 1888 1416 1537.5255782084155 944 708 -0.0047883948860520083
63 SIMPLE_RADIAL 1888 1416 1572.8109291498561 944 708 -0.00041698073487265682
64 SIMPLE_RADIAL 1888 1416 1571.5349841462967 944 708 -0.0025305681200589176
65 SIMPLE_RADIAL 1888 1416 1567.171237741971 944 708 -0.00015570077302871771
66 SIMPLE_RADIAL 1888 1416 1579.6509072875376 944 708 -0.00040293689678992477
67 SIMPLE_RADIAL 1888 1416 1578.4605389951187 944 708 0.00027942216733805203
68 SIMPLE_RADIAL 1888 1416 1579.7924108224129 944 708 0.0027266105807175547
69 SIMPLE_RADIAL 1888 1414 1574.213215724028 944 707 0.008526328199494157
70 SIMPLE_RADIAL 1888 1414 1577.3390206943889 944 707 0.0041660629705952083
71 SIMPLE_RADIAL 1888 1414 1576.8176839008645 944 707 0.0039967909068784968
72 SIMPLE_RADIAL 1888 1414 1579.9156884679676 944 707 -0.00089533018723927525
73 SIMPLE_RADIAL 1888 1414 1578.9422277573588 944 707 0.00098393333628912089
74 SIMPLE_RADIAL 1888 1414 1584.231341290543 944 707 -0.0017997652227806633
75 SIMPLE_RADIAL 1888 1414 1580.2173989059222 944 707 -0.00087293667791057082
76 SIMPLE_RADIAL 1888 1416 1563.3641378089144 944 708 -0.007765427482188024
78 SIMPLE_RADIAL 1888 1416 1583.9797539236729 944 708 -0.0083736788474254396
79 SIMPLE_RADIAL 1888 1416 1571.526787829182 944 708 0.0085382410985437272
80 SIMPLE_RADIAL 4002 2990 3334.9805444862013 2001 1495 0.01468091160505113
81 SIMPLE_RADIAL 4002 2990 3311.4497091569497 2001 1495 0.012512495474929154
82 SIMPLE_RADIAL 4002 2990 3306.7619460194314 2001 1495 0.0025288459539009522
83 SIMPLE_RADIAL 4002 2990 3356.8358307594604 2001 1495 0.0078295022553267861
84 SIMPLE_RADIAL 4002 2990 3323.484567081362 2001 1495 0.0052046592597043669
88 SIMPLE_RADIAL 4002 2990 3363.7554956848835 2001 1495 0.018089020987047053
89 SIMPLE_RADIAL 4002 2990 3366.9800624281293 2001 1495 0.0059479658836012941
90 SIMPLE_RADIAL 4002 2990 3354.8022485275369 2001 1495 0.0055473223494093638
92 SIMPLE_RADIAL 4002 2990 3363.3196427925304 2001 1495 0.017975316025391118
163 SIMPLE_RADIAL 2944 3932 2985.7458000822339 1472 1966 -0.00098969762060636436
164 SIMPLE_RADIAL 2944 3932 2989.2028623399165 1472 1966 -0.0057195319171223294
165 SIMPLE_RADIAL 2944 3932 2994.8598654021994 1472 1966 0.012823333352301469
166 SIMPLE_RADIAL 2944 3932 3003.1874393702496 1472 1966 -0.0093221288736577718
178 SIMPLE_RADIAL 2946 3936 2990.3998815038235 1473 1968 -0.007083834464453014
179 SIMPLE_RADIAL 2946 3936 2986.467708967989 1473 1968 -0.0045181875654774668
180 SIMPLE_RADIAL 2946 3936 2910.8067958457418 1473 1968 -0.040296908787842534
181 SIMPLE_RADIAL 2946 3936 3262.8524155130413 1473 1968 0.087125894123810513
182 SIMPLE_RADIAL 2946 3936 3010.2089161822892 1473 1968 0.019223892186142053
212 SIMPLE_RADIAL 2946 3930 3005.1705768434945 1473 1965 0.011928831859451497
213 SIMPLE_RADIAL 2946 3930 3156.3663895706081 1473 1965 -0.004269277313356838
223 SIMPLE_RADIAL 2968 3962 1790.5716356195076 1484 1981 -0.086628946634587783
235 SIMPLE_RADIAL 2984 3980 3761.4154191687439 1492 1990 0.10799530350748918
236 SIMPLE_RADIAL 2984 3980 3327.8245962004726 1492 1990 0.077496283851409442
237 SIMPLE_RADIAL 2978 3974 2984.7857150189689 1489 1987 0.0037993190680103437
261 SIMPLE_RADIAL 2984 3978 3164.033324183813 1492 1989 0.029226170940269202
262 SIMPLE_RADIAL 2984 3978 3014.2458656156791 1492 1989 0.0076733677455670547
263 SIMPLE_RADIAL 2984 3978 3017.8731833671313 1492 1989 0.003429744340474467
264 SIMPLE_RADIAL 2984 3978 3030.6807094689607 1492 1989 0.0072517054342919494
274 SIMPLE_RADIAL 2304 1728 1195.3274515239157 1152 864 -0.0050201771051455587
275 SIMPLE_RADIAL 2304 1728 1195.6554727074908 1152 864 -0.0033672599105444533
276 SIMPLE_RADIAL 2304 1728 1191.226123051327 1152 864 -0.0070067763774372014
277 SIMPLE_RADIAL 2304 1728 1191.912448910575 1152 864 -0.0074837037312707345
278 SIMPLE_RADIAL 2304 1728 1192.7221868095219 1152 864 -0.0008607443284352306
279 SIMPLE_RADIAL 2304 1728 1187.6815393451648 1152 864 -0.0031345097165854097
280 SIMPLE_RADIAL 2304 1728 1188.5905323152892 1152 864 -0.0081518763843773188
281 SIMPLE_RADIAL 2304 1728 1188.77211378369 1152 864 -0.006819663870370825
282 SIMPLE_RADIAL 1906 1070 1538.1685375522572 953 535 -0.016343815613703759
283 SIMPLE_RADIAL 1906 1070 1497.1512297556399 953 535 -0.011479832739159935
284 SIMPLE_RADIAL 1906 1070 1522.3062297485551 953 535 -0.0034824140898383773
285 SIMPLE_RADIAL 1906 1070 1541.9570246440146 953 535 0.0020511587578344237
286 SIMPLE_RADIAL 1906 1070 1541.8699258741119 953 535 0.0041198920558586857
287 SIMPLE_RADIAL 1906 1070 1511.6448153037311 953 535 -0.0096252652873396495
288 SIMPLE_RADIAL 1906 1070 1517.4884953697124 953 535 0.020194479636967438
289 SIMPLE_RADIAL 1904 1068 1513.0319107167647 952 534 -0.030853092967306369
290 SIMPLE_RADIAL 1904 1068 1524.4460581998655 952 534 -0.013206152828447523
291 SIMPLE_RADIAL 1904 1068 1552.5344037804439 952 534 -0.018486445373693178
292 SIMPLE_RADIAL 1904 1068 1522.615878536152 952 534 -0.013071828645251722
293 SIMPLE_RADIAL 1904 1068 1516.8081411729297 952 534 -0.015153236082288774
328 SIMPLE_RADIAL 1904 1066 1498.0669500226547 952 533 -0.035001624553303953
329 SIMPLE_RADIAL 1904 1066 1505.3406404606621 952 533 -0.022077613131562153
330 SIMPLE_RADIAL 1904 1066 1494.940118733404 952 533 0.016633778128653385
331 SIMPLE_RADIAL 1904 1066 1499.7355314958099 952 533 -0.022506645273778745
332 SIMPLE_RADIAL 1904 1066 1507.3765603375741 952 533 -0.011630530455720933
333 SIMPLE_RADIAL 1904 1066 1498.086410351925 952 533 0.013731809411664738
334 SIMPLE_RADIAL 1904 1066 1499.7223574289285 952 533 -0.016153668801497944
335 SIMPLE_RADIAL 1904 1068 1489.2233771841038 952 534 0.012806394243682488
336 SIMPLE_RADIAL 1904 1068 1498.593777371706 952 534 -0.011390185641415192
337 SIMPLE_RADIAL 1904 1068 1503.3919062427253 952 534 -0.018725866893073883
338 SIMPLE_RADIAL 1904 1068 1490.2661800764383 952 534 0.01971160295682808
339 SIMPLE_RADIAL 1904 1068 1505.7033323846144 952 534 -0.0091127516882485004
340 SIMPLE_RADIAL 1904 1068 1498.7533765232984 952 534 -0.015555491478471042
