# Frame list with one line of data per frame:
#   FRAME_ID, RIG_ID, RIG_FROM_WORLD[QW, QX, QY, QZ, TX, TY, TZ], NUM_DATA_IDS, DATA_IDS[] as (SENSOR_TYPE, SENSOR_ID, DATA_ID)
# Number of frames: 120
2 2 -0.3503027191459086 0.28029237337768276 0.75245091284359822 0.48222589535001559 4.0630353220461188 -0.13707988203528862 2.9150075771306319 1 CAMERA 2 2
3 3 0.82775651179298049 -0.55701796041769935 -0.057717219882690692 0.034912340016633105 -0.55849116041122315 -0.039339743943219166 0.25142972774205513 1 CAMERA 3 3
4 4 0.82691616693778214 -0.55350333641311211 -0.097072173906218737 0.020511033362563182 -0.56752953320002064 -0.053552730412041005 0.15191018609266499 1 CAMERA 4 4
5 5 0.8248842638870526 -0.55296115418351799 -0.11372308928816743 -0.029444390268817969 -0.55785685164183962 -0.01366146636747822 0.05978860691216286 1 CAMERA 5 5
6 6 0.76047933711990345 -0.52487566971146327 -0.35476607336257382 -0.14254031832964414 -0.34372369789481239 -0.056256774051822264 -0.35830846517345594 1 CAMERA 6 6
7 7 0.80562361239678892 -0.51570050941073642 -0.26674684693364831 -0.11776968792185985 -0.31198834872689418 -0.013946728655688157 -0.38534355555741395 1 CAMERA 7 7
8 8 0.80909268679044744 -0.50014559525576707 -0.26611115813978198 -0.15623142847062935 -1.4781800154064504 -0.38852894148942407 4.5993738265787973 1 CAMERA 8 8
9 9 0.85135099832307093 -0.4564999254774057 -0.21628892422077489 -0.14152171901462152 -1.6663040267570401 -0.83881379223173669 4.0246113651366304 1 CAMERA 9 9
10 10 0.86431056046539168 -0.47355756706911156 -0.14365816158708561 -0.089848863927171632 -0.98886896241501032 -0.76236330970442889 4.1775389736953299 1 CAMERA 10 10
11 11 0.87278927915103921 -0.48780895011988917 -0.015691491370111131 0.0059227933040477427 0.17304143871022379 -0.64351433831606897 4.1263609875737073 1 CAMERA 11 11
12 12 0.83246506690014033 -0.51378630849457285 -0.2030113974140425 -0.042566584481987364 -1.2259794768477723 -0.29605445164343286 2.5046712026740847 1 CAMERA 12 12
13 13 0.8075849056100235 -0.5106166087690297 -0.2722027745622046 -0.11394274264165741 -1.4660574982202526 -0.21110105799897125 1.9455217833841354 1 CAMERA 13 13
14 14 0.82251129937140233 -0.51778376997303399 -0.21875316613833401 -0.086730515179687745 -1.2028653304597434 -0.19905878294658674 2.0661279930299719 1 CAMERA 14 14
15 15 0.86189516665703758 -0.5004239243751285 -0.072202557124160224 0.03872219455255272 -0.35546298949879573 -0.31253420242954288 1.9933263551457061 1 CAMERA 15 15
16 16 0.80382161758396076 -0.4794502313078623 -0.32551949549273612 -0.13429572166564621 -0.69668232916811967 -0.11622170553720762 0.036400638164905776 1 CAMERA 16 16
17 17 0.79905289143952596 -0.4824764641889232 -0.33300505544405806 -0.13356111423085582 -0.65720935395501878 -0.11565148159851829 0.0072854245616239361 1 CAMERA 17 17
18 18 0.80134125029574077 -0.4710157224583611 -0.33217901511607029 -0.16016707429432772 -0.6193531491460007 -0.085901923523515236 -0.031278707319526589 1 CAMERA 18 18
20 20 0.80633548864311699 -0.46426541922592773 -0.33250948648304129 -0.15400695329894487 -0.50866458245207236 -0.074606436439268176 -0.099037053340201256 1 CAMERA 20 20
21 21 0.78487681883680027 -0.51910299355794165 -0.3017118490478114 -0.15320059228331651 -0.4409932735233334 -0.040094486746922335 -0.1145176815833422 1 CAMERA 21 21
22 22 0.84192868921249331 -0.53626342863387066 0.0066017464310806455 0.059447744573179001 -0.73708808688225247 -0.072582014747943568 1.8294678012301397 1 CAMERA 22 22
23 23 0.84239187436316487 -0.53400749558098459 -0.072119273305271805 0.0032764444384192418 -1.0715879183622108 -0.085374380344964224 1.6145606276938551 1 CAMERA 23 23
24 24 0.83447756574675258 -0.53457674495344187 -0.13267767700590852 -0.016478168729348257 -1.2546371909178871 -0.11056826014407366 1.4307010851784949 1 CAMERA 24 24
25 25 0.83999824355685349 -0.51120167255429538 -0.17822427814682168 -0.036220263363708163 -1.3637279952882742 -0.20570026179904982 1.2581313888429362 1 CAMERA 25 25
26 26 0.82383421280046998 -0.51598110687799881 -0.21543816265112364 -0.092989705010249529 -1.4710213317485574 -0.10478157114418823 1.0132927218349495 1 CAMERA 26 26
27 27 0.82796070942944366 -0.51553968803852579 -0.20375868686862419 -0.084748399535365407 -1.4197556829436786 -0.10961971222705824 1.0201817159139979 1 CAMERA 27 27
28 28 0.8261794374448993 -0.50648083326009963 -0.22731489739247721 -0.096086628137491525 -1.4485267208661514 -0.13623483130797506 0.90900415735566431 1 CAMERA 28 28
29 29 0.82536870143527086 -0.49070606853796317 -0.25943229648394811 -0.10329058297896862 -1.4735290871934894 -0.19129504305758302 0.78023770461094832 1 CAMERA 29 29
30 30 0.82851266615488284 -0.51754363042726559 -0.19645295884610847 -0.084389499262070289 -1.3179057156983089 -0.093122919025231163 0.85457966551051379 1 CAMERA 30 30
31 31 0.82699380511025844 -0.53302773609603205 -0.16504631695585037 -0.068719663276995593 -1.2349689006159936 -0.04852954735547102 0.86812367684641356 1 CAMERA 31 31
32 32 0.84985223373600483 -0.50402984343325929 -0.14820152248886373 -0.041730162647060844 -1.1706079821630797 -0.15317149695530272 0.89533951760042607 1 CAMERA 32 32
33 33 0.83370502167351224 -0.51552388446891306 -0.19323803742758647 -0.042779928349472945 -1.2198330847562822 -0.16312674868490412 0.76635733472417766 1 CAMERA 33 33
34 34 0.85342595603849614 -0.51863836996138868 -0.036290237840436987 0.036897119143059202 -0.89276455532034094 -0.12367830292033731 1.024680003585601 1 CAMERA 34 34
35 35 0.85969779638071275 -0.50102011164516702 -0.098938977337024378 0.010470214358583467 -1.0374099924649622 -0.10906246175996517 0.2407264745783502 1 CAMERA 35 35
36 36 0.84554323797698472 -0.50381390753398392 -0.16972122321494648 -0.049222816631689356 -1.04425121612125 -0.063365435761321809 -0.076004191816822622 1 CAMERA 36 36
37 37 0.86119227078915583 -0.45109902798544976 -0.21511145691949865 -0.092653120754620844 -0.9282543962049542 0.0036531788374994283 -0.39885982309044443 1 CAMERA 37 37
55 55 -0.1109937670930211 0.099143610317171768 0.79456714098706693 0.58865438643011525 1.6863575840298515 -0.72500915481661576 5.4776628179796294 1 CAMERA 55 55
56 56 -0.13312263629065027 0.13707829549335412 0.78461952086521114 0.58979667012362003 1.8054810882070416 -0.77994912492660406 4.945748012101534 1 CAMERA 56 56
57 57 -0.3170848160769647 0.21183565347385763 0.73506668356661131 0.56058883866977283 3.5033971616365722 -0.69038654884616024 3.6818394929766738 1 CAMERA 57 57
58 58 0.55306827825684091 -0.34545810983476344 -0.61161134114540716 -0.44800194343074307 4.6774072249523515 -0.26174206241265313 0.85797773023130464 1 CAMERA 58 58
59 59 -0.43331759883028603 0.26963169561369127 0.68960460422580272 0.51378993479340851 3.4121866417150364 -0.3708979788515685 2.0450777857963174 1 CAMERA 59 59
60 60 0.68502551823340596 -0.39662335379211067 -0.49816435480005972 -0.35392404580982051 2.6452884080924601 0.13850424522420385 -0.88272658210502419 1 CAMERA 60 60
61 61 0.7397017044230062 -0.41722139413587517 -0.43228224851914815 -0.30314972268541784 2.398591965103877 0.24026865610388246 -1.380914316962309 1 CAMERA 61 61
62 62 0.78974775093988503 -0.42171502090987373 -0.37779998014797189 -0.2360553028944066 2.0733313483749023 0.4349886584785318 -1.7804522920100772 1 CAMERA 62 62
63 63 0.56699919178236902 -0.3618347705481319 -0.59787883810747822 -0.43603716617253285 0.93198995607217361 -0.1262464217088744 0.33165955340956654 1 CAMERA 63 63
64 64 0.65683170767780719 -0.40828234778878081 -0.50802727857348329 -0.37919113451972636 0.90447259012674563 -0.10834566453704432 0.067649121232196532 1 CAMERA 64 64
65 65 0.63198045320622909 -0.41093138229664955 -0.54059388471609948 -0.3734894344108956 0.67692117806681085 -0.092124174213060461 0.17587770262759958 1 CAMERA 65 65
66 66 0.7150634176409254 -0.43906277843290242 -0.43966017656845202 -0.3203234529132345 -1.2946291258842915 -0.15561303483929548 1.0167999748499299 1 CAMERA 66 66
67 67 0.73512274080349227 -0.44230588029397444 -0.41554320582806364 -0.30213226954608707 -1.2665831226245461 -0.18706630634859853 1.1206273984304433 1 CAMERA 67 67
68 68 0.77468327593795361 -0.45153497556322447 -0.36166836157385529 -0.25529979252173696 -1.2146801901527073 -0.24931875620825003 1.3441532809619929 1 CAMERA 68 68
69 69 0.82689832254424245 -0.55941412039495775 -0.048101577720305717 -0.031324819186564698 1.6178752006258208 -0.019434896764276451 5.1589421555172708 1 CAMERA 69 69
70 70 0.83538765898919765 -0.54243318095426185 -0.07876205291672593 -0.041112558041698041 1.2376277444338564 -0.17949493315361911 5.2312364745599051 1 CAMERA 70 70
71 71 0.83564183108719492 -0.53227465539932639 -0.11809786192971941 -0.066628194965775309 0.55683990067451972 -0.2669885623840409 5.2712234481957427 1 CAMERA 71 71
72 72 0.83829592441992673 -0.53849932311082738 -0.067548677914625821 -0.052111402035518874 0.66406927711737873 -0.2373018710738628 5.1355061275769192 1 CAMERA 72 72
73 73 0.84963741417703587 -0.52304607155971661 -0.065492958946759952 -0.015803283991179664 0.7775142138471054 -0.36293379228531175 5.086999502479741 1 CAMERA 73 73
74 74 0.85732439401097604 -0.51474692622535301 0.0023032060986291512 0.0050180291879437519 1.3364102588523219 -0.50335044510396687 4.9279802815300284 1 CAMERA 74 74
75 75 0.84709258041521684 -0.53074198199589184 -0.010292364686208392 0.02532145299401186 1.2939289644948593 -0.25345849752890548 4.9436911492348568 1 CAMERA 75 75
76 76 -0.31928622738085671 0.23274599541633476 0.76660159096010816 0.50616954408576431 3.5157642650096417 -0.096357940843508585 2.2451915645154927 1 CAMERA 76 76
78 78 0.7982639380027301 -0.5007696650534772 -0.28585359375825414 -0.17404640410560926 -0.74780663521584856 -0.14866177570828737 1.2256654663829614 1 CAMERA 78 78
79 79 0.76948078544427401 -0.46877014301589459 -0.37557140072689899 -0.21702533678111433 -1.0127437015900942 -0.22099719860249745 1.3081413419817736 1 CAMERA 79 79
80 80 0.76364810603225308 -0.57008961551096848 -0.27030255632698635 -0.1370252841011656 -0.9489480342739226 0.50559885141594685 5.402791418132936 1 CAMERA 80 80
81 81 0.66603807144215066 -0.46408174733365043 -0.50685283815443649 -0.29003727283947317 -3.8690328875310351 -0.012075470511072222 3.686169877444279 1 CAMERA 81 81
82 82 0.64603092131118944 -0.49244662068318251 -0.49388313332475103 -0.31019320609074563 -3.419901638277568 0.33515290947695908 3.3487150183938552 1 CAMERA 82 82
83 83 0.7590283516411287 -0.55709440886171568 -0.28644738914926832 -0.177396939853917 -0.86215241642205942 0.25901610534924202 4.3993042182193962 1 CAMERA 83 83
84 84 0.77689415172537146 -0.43061783053129721 -0.3888757349306079 -0.24449831047599141 -2.9547517836162296 -0.6669887618403969 2.8795093246814205 1 CAMERA 84 84
88 88 0.73185190823170188 -0.42799991433327256 -0.43708780302177092 -0.30027172727036672 1.4273938301926736 0.084770754380751101 -1.5142622528326135 1 CAMERA 88 88
89 89 0.72649714418006561 -0.46025802225372997 -0.43063579066830288 -0.27371019024650833 1.3393836509270138 -0.00045145776759545947 -1.551201428413592 1 CAMERA 89 89
90 90 0.75827151617459898 -0.49664210238443057 -0.3619083677009633 -0.21769993864370291 1.0135156652761095 -0.078684564832715909 -1.7354519530244854 1 CAMERA 90 90
92 92 0.67729064494947822 -0.40680932878307435 -0.48465473289041855 -0.3753576190327052 2.0774041595242405 0.0423195058664559 -1.2741381119781614 1 CAMERA 92 92
163 163 0.77067233008446034 -0.54406843554334727 -0.29175616966584877 -0.1578988111086202 -0.17997259896466564 -0.053556460996140899 0.11920101281006791 1 CAMERA 163 163
164 164 0.67883853622920298 -0.47547143856057578 -0.50297474589668889 -0.24519697761899709 -0.014998169370054703 -0.06121000911260252 -0.067944492057317368 1 CAMERA 164 164
165 165 0.70287383776409773 -0.51430629474245482 -0.43971811960349894 -0.21932938395805288 0.47069290076482856 -0.061400081373704375 -0.53786482009033776 1 CAMERA 165 165
166 166 0.7438553911005038 -0.57116785980638574 -0.31965002217433475 -0.13516766025516846 0.38411012923936244 -0.12221823642167765 -0.78793005483537659 1 CAMERA 166 166
178 178 0.74781130687575681 -0.50564209203538024 -0.38270937429534668 -0.19656515178769868 -0.1434675870406831 -0.067020283133939429 0.21278430397143158 1 CAMERA 178 178
179 179 0.71359313972332816 -0.48205156189448395 -0.43904109214879705 -0.25623044709730047 -0.12257292987657456 -0.063645465980308707 0.14367009215246856 1 CAMERA 179 179
180 180 -0.42766067337131231 0.35903354566033502 0.72017573402371582 0.41176227809934984 0.63426914421834746 -0.047098113058638924 0.064375808247180255 1 CAMERA 180 180
181 181 0.71387299512431768 -0.52153210900055558 -0.41558798094579075 -0.21371999486961785 1.8487588548397893 -0.13127415270234805 -1.7550907267355955 1 CAMERA 181 181
182 182 0.7776737223806145 -0.52970058813865206 -0.29377513566250102 -0.16833608677501211 -1.3893806375496787 0.020583362394029723 0.94936779887406952 1 CAMERA 182 182
212 212 0.63638685839877784 -0.42881222913875799 -0.55257575224925926 -0.32525663194552762 1.8809691160521045 0.020026617452014492 -0.54983300695307369 1 CAMERA 212 212
213 213 0.61997730603281276 -0.43520206712237558 -0.55318966074803655 -0.34671097475877433 2.442527867254098 -0.079848418884665595 -0.5281915465102146 1 CAMERA 213 213
223 223 0.76591869966940274 -0.50637111054678641 -0.37958535619320788 -0.11345396098868106 -2.5904641248236788 -1.0364902282342137 1.2741398892184643 1 CAMERA 223 223
235 235 0.56869354139792305 -0.34057881495940434 -0.62173942043637054 -0.41717360876328552 5.2446335789270675 -0.35804507299744343 3.8372672251883024 1 CAMERA 235 235
236 236 -0.44108856605455354 0.27869722181246681 0.69535824654905198 0.49421214514232492 3.6492622616744996 -0.70570116214440892 5.1455308829243176 1 CAMERA 236 236
237 237 -0.35269863240380345 0.26187151045303741 0.79444869558765019 0.41937841717548202 3.513777879902217 0.43274719221552599 1.2476917228033113 1 CAMERA 237 237
261 261 -0.38539583332824345 0.41118744284840769 0.49410540128188074 0.66200815019234305 3.1731244962568881 -2.5195263789772966 0.84237219536804853 1 CAMERA 261 261
262 262 -0.36396039291429172 0.35010509150117403 0.62225399199723741 0.59812977416120228 3.026658940799793 -1.4462908455091499 1.5066157331553687 1 CAMERA 262 262
263 263 -0.38682013172513141 0.41918509537284271 0.47818660115895228 0.66782603721437961 2.7342504282829516 -2.2582445449862174 0.54091852740103152 1 CAMERA 263 263
264 264 -0.36415641791595571 0.38647008208577066 0.53815226826741003 0.65454038462258324 2.7619126783958436 -1.9936313926484326 0.98788467136831848 1 CAMERA 264 264
274 274 -0.35901869723731838 0.13602054211840189 0.64690911803787687 0.65887220320430206 3.6996218079099883 -0.62472225268123793 2.0207874838007238 1 CAMERA 274 274
275 275 -0.33393046638517537 0.10064890000225231 0.65151331767513465 0.67371406356113361 3.3369793758582897 -0.58759237836905143 2.1033955624472953 1 CAMERA 275 275
276 276 -0.4344839414514467 0.13555530440589333 0.62634491519867808 0.63288269945780817 3.5723687184455644 -0.30492898876001817 1.6274561609428195 1 CAMERA 276 276
277 277 -0.43948695801286847 0.13582966132863519 0.6300244236520014 0.62567622812594292 3.8561544315290268 -0.31920387294769575 1.8256111089780855 1 CAMERA 277 277
278 278 -0.32472239409351017 0.13293568739852835 0.66246390738252037 0.66183460260517002 3.5461404000683947 -0.96256330393527478 2.7383669843129583 1 CAMERA 278 278
279 279 -0.3907557189834644 0.14846413776321019 0.65487915772912875 0.62960436517858531 3.7302396453697018 -0.69336570236594841 2.5070046913456072 1 CAMERA 279 279
280 280 0.50221902889631276 -0.1907463305886781 -0.6092385969515407 -0.58328399289361399 3.9457943486518294 -0.23927638112207103 1.4421853949974288 1 CAMERA 280 280
281 281 -0.4963959690737883 0.1894495971742324 0.60692421281510611 0.59105235970815606 3.745821882756998 -0.29923897174354908 1.4255193609097236 1 CAMERA 281 281
282 282 0.701747506560089 -0.32067346679385744 -0.53349287908882315 -0.34656069121096977 -5.6984581697843559 -1.5153553460851779 3.6827725669543478 1 CAMERA 282 282
283 283 0.83129895705535861 -0.3953725740637819 -0.32434442582916656 -0.21776883411177259 -2.1779875596854463 -1.5402065894919741 5.6690377405182915 1 CAMERA 283 283
284 284 0.67949220927898379 -0.32860925202708791 -0.53933973224862453 -0.37338847093790339 -5.2056780921371208 -1.1060864517563929 3.3232287352049856 1 CAMERA 284 284
285 285 0.68556659074790849 -0.34124200290022516 -0.52873050153637469 -0.36605518962586264 -5.1752584259603722 -0.95204290060343399 3.1612082588839496 1 CAMERA 285 285
286 286 0.66657549617101308 -0.32424286258415946 -0.55400659362690574 -0.37897278026991599 -6.1851217378238719 -0.97642292145111376 2.4659136302547058 1 CAMERA 286 286
287 287 0.82679701052197163 -0.4044734998059345 -0.32813544650099041 -0.21245004141271709 -2.2004422246120758 -1.1676125833692901 4.6577534005032941 1 CAMERA 287 287
288 288 0.67581217063806931 -0.33849119735724043 -0.53942166794377899 -0.37111438059158319 -4.597252417845497 -0.77402942306312195 2.5043747682018802 1 CAMERA 288 288
289 289 0.69235105911317363 -0.29540045243481255 -0.52359745717354012 -0.39904171021032092 -5.2262512025632768 -1.4056178217241073 3.1572719461792373 1 CAMERA 289 289
290 290 0.69877418626649623 -0.30869377913570117 -0.51355987998458552 -0.39074164994371047 -5.1937692603338768 -1.2301059351189518 3.008361792408432 1 CAMERA 290 290
291 291 0.67910584862249312 -0.29453052600153823 -0.53706125672962535 -0.40451479841901489 -6.1972656043338006 -1.1774079442901093 2.3610200823002727 1 CAMERA 291 291
292 292 0.66044457710265669 -0.28094196367460444 -0.54561676274382276 -0.43265103933227916 -5.6176216539331136 -0.97392507715624876 1.8937536881993589 1 CAMERA 292 292
293 293 0.68859830794702737 -0.30611911714602996 -0.52444679363283264 -0.39633195311312874 -4.6080134698805972 -0.99921508500542244 2.3842226234560773 1 CAMERA 293 293
328 328 -0.20597154314167279 0.15620848822405523 0.75536445863245816 0.60216207640259667 3.0093106582426765 -0.491497157495355 2.9866113312755882 1 CAMERA 328 328
329 329 -0.28868818274394231 0.16914538714442698 0.74360306994215397 0.57888120156416056 3.2506802847530647 -0.28057052996786069 2.7780051462960085 1 CAMERA 329 329
330 330 -0.42946712209330246 0.28071085408172275 0.68670799992740683 0.51496750409837189 4.3498448937574494 -0.16180400927716529 1.4735675817516511 1 CAMERA 330 330
331 331 -0.17028948813465042 0.14900267185072255 0.76710793017547785 0.60028752900096027 2.6430795216890268 -0.58992603704673807 3.7121906045046456 1 CAMERA 331 331
332 332 -0.34919448030564665 0.23561092334357073 0.72047572606532762 0.55087696981803336 3.434916174037737 -0.32193960516768894 2.4205947511038923 1 CAMERA 332 332
333 333 0.57571183454027697 -0.3494492862178325 -0.59411200670064657 -0.43985452529927116 4.0256048604904295 0.085229492050907601 0.060774406187434529 1 CAMERA 333 333
334 334 -0.34224389835245256 0.23190752237016302 0.71940839780223309 0.55815730066019242 3.226720790547807 -0.35587992123587509 2.3790771920237939 1 CAMERA 334 334
335 335 -0.45277704542493996 0.23312452112408985 0.64995927792121422 0.56409116446817309 3.8994786030431792 -0.072739587704183178 0.85981964267217392 1 CAMERA 335 335
336 336 -0.29683588503737207 0.15127592730673484 0.71463432517028069 0.61506246224264516 3.0421941637049641 -0.46213501549014402 2.4704915208749338 1 CAMERA 336 336
337 337 -0.29510213885778996 0.15517069647426379 0.71667300426876301 0.61254925316225417 3.2429465019870651 -0.53492529475520789 2.7486309931361741 1 CAMERA 337 337
338 338 -0.44141937057740632 0.25975684122517778 0.66301591040443875 0.54597181728211719 4.3467102749240834 -0.29223964355734378 1.4575317867519484 1 CAMERA 338 338
339 339 -0.35903916209094855 0.2190875373801329 0.69471273724275284 0.58349442479120595 3.4310012594026782 -0.54393550988777628 2.3851180917884385 1 CAMERA 339 339
340 340 -0.35209253401992957 0.21581499086961359 0.69324507604220986 0.59064879729548592 3.2241219645691443 -0.57385657412759983 2.3382511102459822 1 CAMERA 340 340
